N_periode = 8

[0.02794337 0.03913968 0.02441639 0.07153071 0.02698043 0.06279245
 0.05836794 0.04473344 0.02794306 0.04199915 0.02486487 0.0320802
 0.04361352 0.04355303 0.03080749 0.02919908 0.03475673 0.06876477
 0.15054985 0.03767738]
experience finale MEAN :  0.04608567659101424

experience finale :  [0.03939138 0.02288733 0.02959584 0.03217055 0.05047665 0.03116094
 0.03753503 0.04917206 0.03866139 0.11966255 0.02814876 0.03119671
 0.04771253 0.01945893 0.03577236 0.0267385  0.03147399 0.04034158
 0.05079113 0.05243043 0.03270731 0.03352911 0.03367699 0.02786014
 0.04844239 0.04027679 1.11235951 0.03707924 0.03348949 0.0284653
 1.0409898  0.03124088 0.03227475 0.04787695 0.04191026 0.04473035
 0.04362445 0.02062183 0.0338523  0.04875845 0.03629266 0.02978379
 0.02711104 0.04840582 0.03434087 0.02330032 0.01566423 0.03003787
 0.03086853 0.04021642 0.04224938 0.07399575 0.04137341 0.03184424
 0.04239335 0.01769501 0.02847151 0.03540439 0.05071023 0.03088829
 0.03742829 0.02946775 0.0547915  0.04367292 0.04014368 0.01730235
 0.02660677 0.03419518 0.08878432 0.0413661  0.02623234 0.02356182
 0.03639634 0.03511106 0.02789233 0.05182104 0.02067406 0.02419594
 0.02274294 0.05146274]
experience finale MEAN :  0.06341801934982336


noise : 
[3.27679548e-04 3.21574258e-04 3.32929584e-04 2.51689081e-03
 8.07785227e-03 5.33444774e-02 1.58606734e-01 3.64223583e-01]

surfacteur 20 -> 25
N_periode 4 -> 3

[10**-4,10**-3,10**-2,5*10**-2,10**-1,3*10**-1,6*10**-1,1]