[0.93120688 0.58804792 0.34887281 0.57192623 0.15348694 0.09549665
 0.93145299 0.47573191 0.37250751 0.58746682 0.93110082 0.27867597
 0.93360608 0.72911182 0.70882861 0.93115964 0.93116769 0.52996572
 0.9311281  0.10581852] 0.6033379814625471

Time_end = periode * 2 * Cat_len/N_periode -> periode*6

[ 0.1533217   0.22395163 32.9653802  22.95821648 15.79496556 43.59866636
  0.51752466  0.19812117 29.41992359 37.57583923  0.82588905  0.42055662
 39.86580861  0.21586035 26.84271503  0.21504364 15.84407691 11.70153313
  0.26767627 29.73648861]
experience finale MEAN :  15.467077940293427



Time_end = periode * 6 -> periode * 40

[0.46033986 0.25559953 0.17832715 0.42420259 0.04318359 0.03004402
 0.37318768 0.42723301 0.05873676 0.24503125 0.42056482 0.45256428
 0.25804225 0.18128767 0.41911681 0.07800142 0.42977249 0.05044913
 0.03402039 0.08188892]
experience finale MEAN :  0.24507967954554247

Time_end = periode * 40 -> periode * 5
Surfacteur=Cat_len*5 -> Cat_len*30

[7.09764271e-02 2.79950974e-01 4.13521022e-02 1.80636530e+01
 1.66422776e-01 2.65937599e-01 1.59309196e+01            nan
 3.19119652e-01 4.27805860e-01 9.92403263e-02 1.12893517e-01
 5.60460078e-02 4.57293873e-02 3.20578215e-01 1.30123237e+00
 3.95057567e-01 4.36425265e+01 7.68332678e-02 1.63392513e+01]
experience finale MEAN :  nan

[9.08997938e-01 7.00818455e-01 8.31323326e-02 4.05838400e-02
 3.61148380e-01 5.50198402e-02 6.65667558e-01 1.30123237e+00
 1.30123237e+00 3.00371530e-01 6.25151839e-02 3.48662304e+01
 9.04215103e+00 3.42085639e-01 5.71693817e+01 1.27147942e+00
 5.04652362e-01 2.58650563e-01 3.24062848e+01 4.58067977e-01]
experience finale MEAN :  7.104985189346154

[4.42453156e-01 6.23787662e-01 1.61835038e+00 3.56218555e-01
 9.07673396e-01 6.22692573e+01 2.09691207e-01 8.10576199e+01
 8.11225671e-02 4.30825525e+01 3.28522267e-02 1.77490379e+01
 7.62862957e-02 1.30366368e+00 1.49635458e-01 2.03619823e+00
 2.23179397e+01 1.54745437e-01 4.31652949e-01 4.62210203e-01]
experience finale MEAN :  11.768147433775377

Surfacteur=Cat_len*30 -> Cat_len*80

[ 0.06209229 34.13531575  2.74153071 27.2562291   0.49420508  0.24968405
  3.93508493  2.30647051  3.18808293 37.39382409 31.32255267  4.49952259
  5.7168714   1.30123237 31.48495084 41.8505544  17.99162965 19.8354899
 32.44675804  4.49314422]
experience finale MEAN :  15.135261275413844

[22.10382464 33.77338003 19.15125049 12.91199311 29.28736875  1.28113196
         nan 31.05685644 33.27703288         nan 73.05489378         nan
 51.89456563 26.87586164  1.30320463 33.31996095 32.76762643  1.30123237
 23.30089793  5.4352662 ]
experience finale MEAN :  25.41743222820155

Surfacteur = Cat_len*80 -> Cat_len*2


